camera_matrix:
- - 1448.0093978776551
  - 0.0
  - 624.0511031757109
- - 0.0
  - 1448.161250983658
  - 315.9195924433538
- - 0.0
  - 0.0
  - 1.0
dist_coeff:
- - 0.05437520427175414
  - 0.010684173729094198
  - 0.003107828628462368
  - -0.00950183296786585
  - 4.68352656147056
